name	:PlayerSub
worldPos:0.000000 0.000000 0.000000
mesh	:000001FD435D9C58_397.obj
shader	:skin
alpha	:FALSE
depth	:TRUE
anim	:397_000001FD49341D20_c.csv
order	:4.000000
texel	:0.919437 0.033906 -1.819803
texel	:-0.047379 0.998570 -0.353778
img		:397_000001FD49341D20_t.tga
