mesh	:000002B1B76A3D18_232.obj
shader	:skin
alpha	:FALSE
depth	:TRUE
worldPos:1390.000000 820.000000 0.000000
anim	:232_000001D9B69ACE60_c.csv
order	:4.000000
texel	:0.000000 0.000000 0.000000
texel	:0.771073 -0.163111 -3.205027
img		:232_000002B1C0461C60_t.tga
